image_width: 640
image_height: 480
camera_name: stereo2_link
camera_matrix:
  rows: 3
  cols: 3
  data: [474.599393, 0.000000, 320.370147, 0.000000, 476.979080, 248.326822, 0.000000, 0.000000, 1.000000]
distortion_model: plumb_bob
distortion_coefficients:
  rows: 1
  cols: 5
  data: [-0.348973, 0.113377, 0.000046, 0.000354, 0.000000]
rectification_matrix:
  rows: 3
  cols: 3
  data: [0.999948, 0.008430, -0.005759, -0.008358, 0.999889, 0.012358, 0.005863, -0.012309, 0.999907]
projection_matrix:
  rows: 3
  cols: 4
  data: [436.214868, 0.000000, 317.667755, 0.000000, 0.000000, 436.214868, 244.876343, 0.000000, 0.000000, 0.000000, 1.000000, 0.000000]
