image_width: 1280
image_height: 960
camera_name: stereo2_link
camera_matrix:
  rows: 3
  cols: 3
  data: [954.765734, 0.000000, 633.264123, 0.000000, 958.478992, 499.761327, 0.000000, 0.000000, 1.000000]
distortion_model: plumb_bob
distortion_coefficients:
  rows: 1
  cols: 5
  data: [-0.359128, 0.128699, 0.000550, 0.001020, 0.000000]
rectification_matrix:
  rows: 3
  cols: 3
  data: [0.998678, -0.010961, 0.050212, 0.010454, 0.999892, 0.010336, -0.050320, -0.009797, 0.998685]
projection_matrix:
  rows: 3
  cols: 4
  data: [888.002334, 0.000000, 554.505325, 0.000000, 0.000000, 888.002334, 493.774612, 0.000000, 0.000000, 0.000000, 1.000000, 0.000000]
