image_width: 1280
image_height: 960
camera_name: stereo2_link
camera_matrix:
  rows: 3
  cols: 3
  data: [960.883598, 0.000000, 644.586958, 0.000000, 958.755944, 498.729834, 0.000000, 0.000000, 1.000000]
distortion_model: plumb_bob
distortion_coefficients:
  rows: 1
  cols: 5
  data: [-0.364350, 0.136328, 0.000974, -0.000037, 0.000000]
rectification_matrix:
  rows: 3
  cols: 3
  data: [0.999816, 0.013016, -0.014099, -0.012860, 0.999856, 0.011101, 0.014242, -0.010917, 0.999839]
projection_matrix:
  rows: 3
  cols: 4
  data: [876.468547, 0.000000, 650.885040, 0.000000, 0.000000, 876.468547, 494.015083, 0.000000, 0.000000, 0.000000, 1.000000, 0.000000]
