image_width: 1280
image_height: 960
camera_name: stereo2_link
camera_matrix:
  rows: 3
  cols: 3
  data: [950.234547, 0.000000, 652.634797, 0.000000, 946.926982, 507.533169, 0.000000, 0.000000, 1.000000]
distortion_model: plumb_bob
distortion_coefficients:
  rows: 1
  cols: 5
  data: [-0.356003, 0.126756, 0.000172, -0.001008, 0.000000]
rectification_matrix:
  rows: 3
  cols: 3
  data: [0.999839, 0.014080, -0.011116, -0.013912, 0.999790, 0.015015, 0.011325, -0.014858, 0.999825]
projection_matrix:
  rows: 3
  cols: 4
  data: [870.219671, 0.000000, 651.070633, 0.000000, 0.000000, 870.219671, 499.056118, 0.000000, 0.000000, 0.000000, 1.000000, 0.000000]
