image_width: 640
image_height: 480
camera_name: stereo2_link
camera_matrix:
  rows: 3
  cols: 3
  data: [471.882395, 0.000000, 312.035653, 0.000000, 472.123190, 270.546983, 0.000000, 0.000000, 1.000000]
distortion_model: plumb_bob
distortion_coefficients:
  rows: 1
  cols: 5
  data: [-0.360427, 0.136755, -0.003930, -0.000704, 0.000000]
rectification_matrix:
  rows: 3
  cols: 3
  data: [0.999841, -0.000981, -0.017789, 0.001017, 0.999997, 0.002031, 0.017787, -0.002048, 0.999840]
projection_matrix:
  rows: 3
  cols: 4
  data: [448.627545, 0.000000, 315.311169, 0.000000, 0.000000, 448.627545, 261.942944, 0.000000, 0.000000, 0.000000, 1.000000, 0.000000]
