image_width: 640
image_height: 480
camera_name: stereo2_link
camera_matrix:
  rows: 3
  cols: 3
  data: [472.294224, 0.000000, 313.867426, 0.000000, 476.152651, 244.857219, 0.000000, 0.000000, 1.000000]
distortion_model: plumb_bob
distortion_coefficients:
  rows: 1
  cols: 5
  data: [-0.370036, 0.141689, 0.003295, 0.001206, 0.000000]
rectification_matrix:
  rows: 3
  cols: 3
  data: [0.992539, 0.029214, -0.118377, -0.030938, 0.999440, -0.012748, 0.117938, 0.016316, 0.992887]
projection_matrix:
  rows: 3
  cols: 4
  data: [445.277809, 0.000000, 382.184887, 0.000000, 0.000000, 445.277809, 248.966312, 0.000000, 0.000000, 0.000000, 1.000000, 0.000000]
