image_width: 640
image_height: 480
camera_name: stereo2_link
camera_matrix:
  rows: 3
  cols: 3
  data: [476.516278, 0.000000, 317.458152, 0.000000, 475.798209, 251.585709, 0.000000, 0.000000, 1.000000]
distortion_model: plumb_bob
distortion_coefficients:
  rows: 1
  cols: 5
  data: [-0.361179, 0.134385, 0.001166, 0.000859, 0.000000]
rectification_matrix:
  rows: 3
  cols: 3
  data: [0.993094, -0.002283, 0.117300, 0.000351, 0.999864, 0.016487, -0.117321, -0.016332, 0.992960]
projection_matrix:
  rows: 3
  cols: 4
  data: [440.078958, 0.000000, 237.220259, 0.000000, 0.000000, 440.078958, 247.694319, 0.000000, 0.000000, 0.000000, 1.000000, 0.000000]
