image_width: 640
image_height: 480
camera_name: stereo2_link
camera_matrix:
  rows: 3
  cols: 3
  data: [476.419823, 0.000000, 319.405161, 0.000000, 476.276708, 259.422266, 0.000000, 0.000000, 1.000000]
distortion_model: plumb_bob
distortion_coefficients:
  rows: 1
  cols: 5
  data: [-0.354442, 0.124912, 0.000468, -0.000567, 0.000000]
rectification_matrix:
  rows: 3
  cols: 3
  data: [0.976136, -0.009582, -0.216950, 0.010624, 0.999937, 0.003637, 0.216901, -0.005855, 0.976176]
projection_matrix:
  rows: 3
  cols: 4
  data: [448.900769, 0.000000, 458.198347, 0.000000, 0.000000, 448.900769, 257.868826, 0.000000, 0.000000, 0.000000, 1.000000, 0.000000]
