image_width: 640
image_height: 480
camera_name: stereo2_link
camera_matrix:
  rows: 3
  cols: 3
  data: [571.118811, 0.000000, 323.050233, 0.000000, 573.854108, 256.684849, 0.000000, 0.000000, 1.000000]
distortion_model: plumb_bob
distortion_coefficients:
  rows: 1
  cols: 5
  data: [-0.382594, 0.213785, 0.000427, 0.000509, 0.000000]
rectification_matrix:
  rows: 3
  cols: 3
  data: [0.995339, -0.003436, -0.096374, 0.003209, 0.999992, -0.002508, 0.096381, 0.002187, 0.995342]
projection_matrix:
  rows: 3
  cols: 4
  data: [556.549279, 0.000000, 402.358042, 0.000000, 0.000000, 556.549279, 251.686846, 0.000000, 0.000000, 0.000000, 1.000000, 0.000000]
