image_width: 1280
image_height: 960
camera_name: stereo2_link
camera_matrix:
  rows: 3
  cols: 3
  data: [875.499226, 0.000000, 648.771876, 0.000000, 872.564347, 499.961328, 0.000000, 0.000000, 1.000000]
distortion_model: plumb_bob
distortion_coefficients:
  rows: 1
  cols: 5
  data: [-0.347748, 0.108831, -0.000036, -0.000929, 0.000000]
rectification_matrix:
  rows: 3
  cols: 3
  data: [0.995819, 0.081101, 0.042031, -0.081285, 0.996687, 0.002669, -0.041675, -0.006075, 0.999113]
projection_matrix:
  rows: 3
  cols: 4
  data: [824.716362, 0.000000, 602.991676, 0.000000, 0.000000, 824.716362, 492.838356, 0.000000, 0.000000, 0.000000, 1.000000, 0.000000]
