image_width: 640
image_height: 480
camera_name: stereo2_right_link
camera_matrix:
  rows: 3
  cols: 3
  data: [477.388181, 0.000000, 332.049607, 0.000000, 479.072060, 253.133083, 0.000000, 0.000000, 1.000000]
distortion_model: plumb_bob
distortion_coefficients:
  rows: 1
  cols: 5
  data: [-0.357667, 0.129896, -0.002522, -0.000069, 0.000000]
rectification_matrix:
  rows: 3
  cols: 3
  data: [0.998002, 0.004841, -0.062998, -0.003923, 0.999884, 0.014690, 0.063062, -0.014414, 0.997906]
projection_matrix:
  rows: 3
  cols: 4
  data: [445.277809, 0.000000, 382.184887, -46.652400, 0.000000, 445.277809, 248.966312, 0.000000, 0.000000, 0.000000, 1.000000, 0.000000]
