image_width: 640
image_height: 480
camera_name: stereo2_right_link
camera_matrix:
  rows: 3
  cols: 3
  data: [478.151347, 0.000000, 331.731487, 0.000000, 478.386704, 246.794574, 0.000000, 0.000000, 1.000000]
distortion_model: plumb_bob
distortion_coefficients:
  rows: 1
  cols: 5
  data: [-0.351540, 0.122689, 0.001801, 0.000150, 0.000000]
rectification_matrix:
  rows: 3
  cols: 3
  data: [0.984236, -0.032849, -0.173783, 0.032016, 0.999458, -0.007597, 0.173938, 0.001913, 0.984755]
projection_matrix:
  rows: 3
  cols: 4
  data: [448.900769, 0.000000, 458.198347, -49.473669, 0.000000, 448.900769, 257.868826, 0.000000, 0.000000, 0.000000, 1.000000, 0.000000]
