image_width: 640
image_height: 480
camera_name: stereo2_right_link
camera_matrix:
  rows: 3
  cols: 3
  data: [474.372198, 0.000000, 330.163108, 0.000000, 473.720478, 241.003311, 0.000000, 0.000000, 1.000000]
distortion_model: plumb_bob
distortion_coefficients:
  rows: 1
  cols: 5
  data: [-0.352376, 0.122277, 0.002129, 0.001124, 0.000000]
rectification_matrix:
  rows: 3
  cols: 3
  data: [0.987337, -0.034012, 0.154949, 0.036563, 0.999238, -0.013640, -0.154367, 0.019132, 0.987828]
projection_matrix:
  rows: 3
  cols: 4
  data: [440.078958, 0.000000, 237.220259, -45.449352, 0.000000, 440.078958, 247.694319, 0.000000, 0.000000, 0.000000, 1.000000, 0.000000]
