image_width: 1280
image_height: 960
camera_name: stereo2_right_link
camera_matrix:
  rows: 3
  cols: 3
  data: [896.923012, 0.000000, 671.244453, 0.000000, 894.777583, 480.059475, 0.000000, 0.000000, 1.000000]
distortion_model: plumb_bob
distortion_coefficients:
  rows: 1
  cols: 5
  data: [-0.335213, 0.097049, 0.001444, -0.000379, 0.000000]
rectification_matrix:
  rows: 3
  cols: 3
  data: [0.995723, 0.078112, 0.049344, -0.077895, 0.996942, -0.006307, -0.049686, 0.002437, 0.998762]
projection_matrix:
  rows: 3
  cols: 4
  data: [824.716362, 0.000000, 602.991676, -83.391482, 0.000000, 824.716362, 492.838356, 0.000000, 0.000000, 0.000000, 1.000000, 0.000000]
