image_width: 640
image_height: 480
camera_name: stereo2_right_link
camera_matrix:
  rows: 3
  cols: 3
  data: [475.980725, 0.000000, 330.037965, 0.000000, 478.726992, 239.251660, 0.000000, 0.000000, 1.000000]
distortion_model: plumb_bob
distortion_coefficients:
  rows: 1
  cols: 5
  data: [-0.349258, 0.116905, 0.001139, 0.001083, 0.000000]
rectification_matrix:
  rows: 3
  cols: 3
  data: [0.999002, -0.027299, 0.035350, 0.027733, 0.999545, -0.011846, -0.035011, 0.012815, 0.999305]
projection_matrix:
  rows: 3
  cols: 4
  data: [436.214868, 0.000000, 317.667755, -43.520839, 0.000000, 436.214868, 244.876343, 0.000000, 0.000000, 0.000000, 1.000000, 0.000000]
