image_width: 1280
image_height: 960
camera_name: stereo2_right_link
camera_matrix:
  rows: 3
  cols: 3
  data: [954.102831, 0.000000, 676.633705, 0.000000, 951.321092, 485.650029, 0.000000, 0.000000, 1.000000]
distortion_model: plumb_bob
distortion_coefficients:
  rows: 1
  cols: 5
  data: [-0.350046, 0.117176, 0.001223, -0.000480, 0.000000]
rectification_matrix:
  rows: 3
  cols: 3
  data: [0.999251, -0.019220, 0.033577, 0.019720, 0.999699, -0.014609, -0.033286, 0.015260, 0.999329]
projection_matrix:
  rows: 3
  cols: 4
  data: [870.219671, 0.000000, 651.070633, -89.705734, 0.000000, 870.219671, 499.056118, 0.000000, 0.000000, 0.000000, 1.000000, 0.000000]
