image_width: 640
image_height: 480
camera_name: stereo2_right_link
camera_matrix:
  rows: 3
  cols: 3
  data: [570.827062, 0.000000, 333.901740, 0.000000, 573.176141, 248.477562, 0.000000, 0.000000, 1.000000]
distortion_model: plumb_bob
distortion_coefficients:
  rows: 1
  cols: 5
  data: [-0.367924, 0.165116, 0.000305, 0.000224, 0.000000]
rectification_matrix:
  rows: 3
  cols: 3
  data: [0.991548, 0.066822, -0.111205, -0.066560, 0.997764, 0.006072, 0.111362, 0.001381, 0.993779]
projection_matrix:
  rows: 3
  cols: 4
  data: [556.549279, 0.000000, 402.358042, -148.509175, 0.000000, 556.549279, 251.686846, 0.000000, 0.000000, 0.000000, 1.000000, 0.000000]
