image_width: 1280
image_height: 960
camera_name: stereo2_right_link
camera_matrix:
  rows: 3
  cols: 3
  data: [954.141325, 0.000000, 656.263227, 0.000000, 958.534906, 486.180555, 0.000000, 0.000000, 1.000000]
distortion_model: plumb_bob
distortion_coefficients:
  rows: 1
  cols: 5
  data: [-0.360011, 0.135464, 0.000897, 0.001670, 0.000000]
rectification_matrix:
  rows: 3
  cols: 3
  data: [0.994347, -0.045016, 0.096161, 0.045983, 0.998911, -0.007867, -0.095702, 0.012244, 0.995335]
projection_matrix:
  rows: 3
  cols: 4
  data: [888.002334, 0.000000, 554.505325, -87.664658, 0.000000, 888.002334, 493.774612, 0.000000, 0.000000, 0.000000, 1.000000, 0.000000]
