image_width: 1280
image_height: 960
camera_name: stereo2_right_link
camera_matrix:
  rows: 3
  cols: 3
  data: [963.455782, 0.000000, 666.330475, 0.000000, 961.800567, 483.011747, 0.000000, 0.000000, 1.000000]
distortion_model: plumb_bob
distortion_coefficients:
  rows: 1
  cols: 5
  data: [-0.353136, 0.118690, 0.001370, 0.000618, 0.000000]
rectification_matrix:
  rows: 3
  cols: 3
  data: [0.999373, -0.024070, 0.025983, 0.024354, 0.999646, -0.010695, -0.025716, 0.011321, 0.999605]
projection_matrix:
  rows: 3
  cols: 4
  data: [876.468547, 0.000000, 650.885040, -88.564980, 0.000000, 876.468547, 494.015083, 0.000000, 0.000000, 0.000000, 1.000000, 0.000000]
