image_width: 640
image_height: 480
camera_name: stereo2_right_link
camera_matrix:
  rows: 3
  cols: 3
  data: [474.507420, 0.000000, 323.853257, 0.000000, 475.403151, 260.997986, 0.000000, 0.000000, 1.000000]
distortion_model: plumb_bob
distortion_coefficients:
  rows: 1
  cols: 5
  data: [-0.356506, 0.130125, -0.003620, 0.000293, 0.000000]
rectification_matrix:
  rows: 3
  cols: 3
  data: [0.999357, -0.026149, 0.024512, 0.026199, 0.999655, -0.001719, -0.024459, 0.002360, 0.999698]
projection_matrix:
  rows: 3
  cols: 4
  data: [448.627545, 0.000000, 315.311169, -45.630306, 0.000000, 448.627545, 261.942944, 0.000000, 0.000000, 0.000000, 1.000000, 0.000000]
