image_width: 640
image_height: 480
camera_name: narrow_stereo/left
camera_matrix:
  rows: 3
  cols: 3
  data: [702.450595, 0.000000, 325.846595, 0.000000, 704.816635, 245.930374, 0.000000, 0.000000, 1.000000]
distortion_model: plumb_bob
distortion_coefficients:
  rows: 1
  cols: 5
  data: [0.055449, -0.097247, 0.002234, 0.003115, 0.000000]
rectification_matrix:
  rows: 3
  cols: 3
  data: [0.998378, -0.001359, -0.056908, 0.001495, 0.999996, 0.002341, 0.056905, -0.002422, 0.998377]
projection_matrix:
  rows: 3
  cols: 4
  data: [739.233384, 0.000000, 375.696896, 0.000000, 0.000000, 739.233384, 247.885971, 0.000000, 0.000000, 0.000000, 1.000000, 0.000000]
