image_width: 752
image_height: 480
camera_name: stereo1_link
camera_matrix:
  rows: 3
  cols: 3
  data: [739.964928, 0.000000, 374.831087, 0.000000, 743.560142, 235.743574, 0.000000, 0.000000, 1.000000]
distortion_model: plumb_bob
distortion_coefficients:
  rows: 1
  cols: 5
  data: [0.106435, -0.122403, -0.001963, -0.000857, 0.000000]
rectification_matrix:
  rows: 3
  cols: 3
  data: [0.999964, -0.001354, -0.008398, 0.001377, 0.999995, 0.002738, 0.008395, -0.002750, 0.999961]
projection_matrix:
  rows: 3
  cols: 4
  data: [784.457929, 0.000000, 374.180721, 0.000000, 0.000000, 784.457929, 228.476206, 0.000000, 0.000000, 0.000000, 1.000000, 0.000000]
