image_width: 752
image_height: 480
camera_name: stereo1_link
camera_matrix:
  rows: 3
  cols: 3
  data: [726.038739, 0.000000, 395.687765, 0.000000, 723.400347, 250.111536, 0.000000, 0.000000, 1.000000]
distortion_model: plumb_bob
distortion_coefficients:
  rows: 1
  cols: 5
  data: [0.092780, -0.097612, 0.005155, 0.009704, 0.000000]
rectification_matrix:
  rows: 3
  cols: 3
  data: [0.999388, 0.031839, -0.014472, -0.031801, 0.999490, 0.002817, 0.014554, -0.002355, 0.999891]
projection_matrix:
  rows: 3
  cols: 4
  data: [803.922521, 0.000000, 406.771488, 0.000000, 0.000000, 803.922521, 245.067350, 0.000000, 0.000000, 0.000000, 1.000000, 0.000000]
