image_width: 640
image_height: 480
camera_name: stereo1_link
camera_matrix:
  rows: 3
  cols: 3
  data: [736.639784, 0.000000, 318.142518, 0.000000, 739.383213, 228.511113, 0.000000, 0.000000, 1.000000]
distortion_model: plumb_bob
distortion_coefficients:
  rows: 1
  cols: 5
  data: [0.097614, -0.036086, -0.005856, 0.000767, 0.000000]
rectification_matrix:
  rows: 3
  cols: 3
  data: [0.999714, 0.004702, 0.023459, -0.004762, 0.999986, 0.002488, -0.023447, -0.002599, 0.999722]
projection_matrix:
  rows: 3
  cols: 4
  data: [777.733063, 0.000000, 289.185905, 0.000000, 0.000000, 777.733063, 220.774534, 0.000000, 0.000000, 0.000000, 1.000000, 0.000000]
