image_width: 640
image_height: 480
camera_name: stereo1_link
camera_matrix:
  rows: 3
  cols: 3
  data: [734.889420, 0.000000, 317.706196, 0.000000, 732.082689, 239.033655, 0.000000, 0.000000, 1.000000]
distortion_model: plumb_bob
distortion_coefficients:
  rows: 1
  cols: 5
  data: [0.100896, 0.019699, 0.004179, -0.004728, 0.000000]
rectification_matrix:
  rows: 3
  cols: 3
  data: [0.997520, -0.005830, 0.070143, 0.005907, 0.999982, -0.000881, -0.070137, 0.001293, 0.997537]
projection_matrix:
  rows: 3
  cols: 4
  data: [801.287930, 0.000000, 255.724689, 0.000000, 0.000000, 801.287930, 235.533001, 0.000000, 0.000000, 0.000000, 1.000000, 0.000000]
