image_width: 640
image_height: 480
camera_name: stereo1_link
camera_matrix:
  rows: 3
  cols: 3
  data: [735.400868, 0.000000, 350.913700, 0.000000, 732.375588, 250.841112, 0.000000, 0.000000, 1.000000]
distortion_model: plumb_bob
distortion_coefficients:
  rows: 1
  cols: 5
  data: [0.097399, -0.050170, 0.007096, 0.015676, 0.000000]
rectification_matrix:
  rows: 3
  cols: 3
  data: [0.999594, 0.004504, 0.028132, -0.004559, 0.999988, 0.001902, -0.028124, -0.002029, 0.999602]
projection_matrix:
  rows: 3
  cols: 4
  data: [773.054940, 0.000000, 323.854900, 0.000000, 0.000000, 773.054940, 246.992458, 0.000000, 0.000000, 0.000000, 1.000000, 0.000000]
