image_width: 752
image_height: 480
camera_name: stereo1_link
camera_matrix:
  rows: 3
  cols: 3
  data: [741.353008, 0.000000, 387.133585, 0.000000, 741.106658, 244.837834, 0.000000, 0.000000, 1.000000]
distortion_model: plumb_bob
distortion_coefficients:
  rows: 1
  cols: 5
  data: [0.111274, -0.141999, 0.001342, 0.005396, 0.000000]
rectification_matrix:
  rows: 3
  cols: 3
  data: [0.950687, 0.000260, 0.310151, -0.001426, 0.999993, 0.003532, -0.310148, -0.003800, 0.950681]
projection_matrix:
  rows: 3
  cols: 4
  data: [850.426133, 0.000000, 77.934952, 0.000000, 0.000000, 850.426133, 237.902422, 0.000000, 0.000000, 0.000000, 1.000000, 0.000000]
