image_width: 752
image_height: 480
camera_name: stereo1_right_link
camera_matrix:
  rows: 3
  cols: 3
  data: [735.946939, 0.000000, 353.643460, 0.000000, 739.588965, 223.184958, 0.000000, 0.000000, 1.000000]
distortion_model: plumb_bob
distortion_coefficients:
  rows: 1
  cols: 5
  data: [0.105958, -0.116429, -0.004338, -0.000556, 0.000000]
rectification_matrix:
  rows: 3
  cols: 3
  data: [0.999901, -0.004908, -0.013219, 0.004871, 0.999984, -0.002776, 0.013233, 0.002712, 0.999909]
projection_matrix:
  rows: 3
  cols: 4
  data: [784.457929, 0.000000, 374.180721, -46.975127, 0.000000, 784.457929, 228.476206, 0.000000, 0.000000, 0.000000, 1.000000, 0.000000]
