image_width: 640
image_height: 480
camera_name: stereo1_right_link
camera_matrix:
  rows: 3
  cols: 3
  data: [732.141471, 0.000000, 332.222744, 0.000000, 728.377721, 239.467431, 0.000000, 0.000000, 1.000000]
distortion_model: plumb_bob
distortion_coefficients:
  rows: 1
  cols: 5
  data: [0.089280, -0.030762, 0.005145, 0.017166, 0.000000]
rectification_matrix:
  rows: 3
  cols: 3
  data: [0.999618, 0.001552, 0.027585, -0.001498, 0.999997, -0.001987, -0.027588, 0.001944, 0.999617]
projection_matrix:
  rows: 3
  cols: 4
  data: [773.054940, 0.000000, 323.854900, -46.222542, 0.000000, 773.054940, 246.992458, 0.000000, 0.000000, 0.000000, 1.000000, 0.000000]
