image_width: 752
image_height: 480
camera_name: stereo1_right_link
camera_matrix:
  rows: 3
  cols: 3
  data: [731.646683, 0.000000, 359.320763, 0.000000, 729.270115, 231.131349, 0.000000, 0.000000, 1.000000]
distortion_model: plumb_bob
distortion_coefficients:
  rows: 1
  cols: 5
  data: [0.095720, -0.094593, -0.000644, 0.004311, 0.000000]
rectification_matrix:
  rows: 3
  cols: 3
  data: [0.954651, -0.001107, 0.297724, 0.002225, 0.999992, -0.003416, -0.297717, 0.003923, 0.954646]
projection_matrix:
  rows: 3
  cols: 4
  data: [850.426133, 0.000000, 77.934952, -52.745516, 0.000000, 850.426133, 237.902422, 0.000000, 0.000000, 0.000000, 1.000000, 0.000000]
