image_width: 640
image_height: 480
camera_name: stereo1_right_link
camera_matrix:
  rows: 3
  cols: 3
  data: [732.137658, 0.000000, 297.088840, 0.000000, 735.055655, 216.350094, 0.000000, 0.000000, 1.000000]
distortion_model: plumb_bob
distortion_coefficients:
  rows: 1
  cols: 5
  data: [0.102280, -0.051365, -0.008190, 0.001889, 0.000000]
rectification_matrix:
  rows: 3
  cols: 3
  data: [0.999768, 0.001457, 0.021504, -0.001402, 0.999996, -0.002558, -0.021507, 0.002528, 0.999765]
projection_matrix:
  rows: 3
  cols: 4
  data: [777.733063, 0.000000, 289.185905, -46.907723, 0.000000, 777.733063, 220.774534, 0.000000, 0.000000, 0.000000, 1.000000, 0.000000]
