image_width: 752
image_height: 480
camera_name: stereo1_right_link
camera_matrix:
  rows: 3
  cols: 3
  data: [722.431631, 0.000000, 376.172468, 0.000000, 719.526495, 238.253753, 0.000000, 0.000000, 1.000000]
distortion_model: plumb_bob
distortion_coefficients:
  rows: 1
  cols: 5
  data: [0.087521, -0.077914, 0.003459, 0.010064, 0.000000]
rectification_matrix:
  rows: 3
  cols: 3
  data: [0.999421, 0.028527, -0.018562, -0.028575, 0.999589, -0.002321, 0.018488, 0.002850, 0.999825]
projection_matrix:
  rows: 3
  cols: 4
  data: [803.922521, 0.000000, 406.771488, -47.067939, 0.000000, 803.922521, 245.067350, 0.000000, 0.000000, 0.000000, 1.000000, 0.000000]
