image_width: 640
image_height: 480
camera_name: stereo1_right_link
camera_matrix:
  rows: 3
  cols: 3
  data: [734.823866, 0.000000, 317.423986, 0.000000, 731.732866, 227.866502, 0.000000, 0.000000, 1.000000]
distortion_model: plumb_bob
distortion_coefficients:
  rows: 1
  cols: 5
  data: [0.098698, 0.027774, 0.007550, -0.006876, 0.000000]
rectification_matrix:
  rows: 3
  cols: 3
  data: [0.997725, -0.003399, 0.067328, 0.003326, 0.999994, 0.001200, -0.067332, -0.000974, 0.997730]
projection_matrix:
  rows: 3
  cols: 4
  data: [801.287930, 0.000000, 255.724689, -48.397265, 0.000000, 801.287930, 235.533001, 0.000000, 0.000000, 0.000000, 1.000000, 0.000000]
