image_width: 752
image_height: 480
camera_name: stereo0_link
camera_matrix:
  rows: 3
  cols: 3
  data: [733.499548, 0.000000, 385.207353, 0.000000, 736.077607, 246.641377, 0.000000, 0.000000, 1.000000]
distortion_model: plumb_bob
distortion_coefficients:
  rows: 1
  cols: 5
  data: [0.111992, -0.113647, 0.007261, 0.003522, 0.000000]
rectification_matrix:
  rows: 3
  cols: 3
  data: [0.971749, -0.025755, -0.234608, 0.026102, 0.999658, -0.001627, 0.234569, -0.004542, 0.972089]
projection_matrix:
  rows: 3
  cols: 4
  data: [881.484596, 0.000000, 615.062120, 0.000000, 0.000000, 881.484596, 245.703667, 0.000000, 0.000000, 0.000000, 1.000000, 0.000000]
