image_width: 752
image_height: 480
camera_name: stereo0_right_link
camera_matrix:
  rows: 3
  cols: 3
  data: [740.819783, 0.000000, 402.346673, 0.000000, 738.171387, 222.655999, 0.000000, 0.000000, 1.000000]
distortion_model: plumb_bob
distortion_coefficients:
  rows: 1
  cols: 5
  data: [0.110197, -0.122587, 0.001834, 0.008806, 0.000000]
rectification_matrix:
  rows: 3
  cols: 3
  data: [0.999784, 0.001933, 0.020682, -0.001881, 0.999995, -0.002544, -0.020687, 0.002505, 0.999783]
projection_matrix:
  rows: 3
  cols: 4
  data: [781.265442, 0.000000, 386.186493, -46.870131, 0.000000, 781.265442, 231.866268, 0.000000, 0.000000, 0.000000, 1.000000, 0.000000]
