image_width: 752
image_height: 480
camera_name: stereo0_right_link
camera_matrix:
  rows: 3
  cols: 3
  data: [733.959945, 0.000000, 387.685555, 0.000000, 736.696752, 231.393428, 0.000000, 0.000000, 1.000000]
distortion_model: plumb_bob
distortion_coefficients:
  rows: 1
  cols: 5
  data: [0.109319, -0.107764, 0.008038, 0.002386, 0.000000]
rectification_matrix:
  rows: 3
  cols: 3
  data: [0.971500, -0.023705, -0.235850, 0.023356, 0.999718, -0.004272, 0.235885, -0.001358, 0.971780]
projection_matrix:
  rows: 3
  cols: 4
  data: [881.484596, 0.000000, 615.062120, -56.453413, 0.000000, 881.484596, 245.703667, 0.000000, 0.000000, 0.000000, 1.000000, 0.000000]
