image_width: 640
image_height: 480
camera_name: stereo0_link
camera_matrix:
  rows: 3
  cols: 3
  data: [741.774739, 0.000000, 310.439299, 0.000000, 738.472252, 245.131265, 0.000000, 0.000000, 1.000000]
distortion_model: plumb_bob
distortion_coefficients:
  rows: 1
  cols: 5
  data: [0.095130, -0.069138, -0.000061, -0.007351, 0.000000]
rectification_matrix:
  rows: 3
  cols: 3
  data: [0.999063, 0.000568, -0.043273, -0.000413, 0.999993, 0.003599, 0.043275, -0.003578, 0.999057]
projection_matrix:
  rows: 3
  cols: 4
  data: [787.211639, 0.000000, 334.430668, 0.000000, 0.000000, 787.211639, 237.374598, 0.000000, 0.000000, 0.000000, 1.000000, 0.000000]
