image_width: 640
image_height: 480
camera_name: cameraLeft
camera_matrix:
  rows: 3
  cols: 3
  data: [741.995918, 0.000000, 301.048413, 0.000000, 738.097362, 235.822386, 0.000000, 0.000000, 1.000000]
distortion_model: plumb_bob
distortion_coefficients:
  rows: 1
  cols: 5
  data: [0.105686, 0.128901, -0.004599, -0.007347, 0.000000]
rectification_matrix:
  rows: 3
  cols: 3
  data: [0.993507, -0.003817, -0.113709, 0.004058, 0.999990, 0.001882, 0.113701, -0.002331, 0.993512]
projection_matrix:
  rows: 3
  cols: 4
  data: [817.732070, 0.000000, 388.576418, 0.000000, 0.000000, 817.732070, 228.200480, 0.000000, 0.000000, 0.000000, 1.000000, 0.000000]
