# oST version 5.0 parameters


[image]

width
640

height
480

[narrow_stereo/left]

camera matrix
702.450595 0.000000 325.846595
0.000000 704.816635 245.930374
0.000000 0.000000 1.000000

distortion
0.055449 -0.097247 0.002234 0.003115 0.000000

rectification
0.998378 -0.001359 -0.056908
0.001495 0.999996 0.002341
0.056905 -0.002422 0.998377

projection
739.233384 0.000000 375.696896 0.000000
0.000000 739.233384 247.885971 0.000000
0.000000 0.000000 1.000000 0.000000

# oST version 5.0 parameters


[image]

width
640

height
480

[narrow_stereo/right]

camera matrix
705.205293 0.000000 323.653817
0.000000 707.303262 248.129840
0.000000 0.000000 1.000000

distortion
0.055781 -0.122958 0.001731 0.003298 0.000000

rectification
0.998248 -0.004792 -0.058966
0.004651 0.999986 -0.002521
0.058977 0.002242 0.998257

projection
739.233384 0.000000 375.696896 -42.688945
0.000000 739.233384 247.885971 0.000000
0.000000 0.000000 1.000000 0.000000

