header:
  seq: 24745
  stamp:
    secs: 1501009803
    nsecs: 632347935
  frame_id: cameraLeft
height: 480
width: 640
distortion_model: plumb_bob
D: [0.07790510341605676, -0.12110180264559431, 0.00018116648576913728, 0.000285210587806379, 0.0]
K: [722.1536595576747, 0.0, 374.8176399670965, 0.0, 722.1536595576747, 242.0520870852575, 0.0, 0.0, 1.0]
R: [0.9995312670421522, 0.00025068977738565017, -0.03061345063440552, -0.00015816451250808534, 0.9999954129037457, 0.0030247570901111485, 0.030614068483242367, -0.0030184973252777403, 0.9995267217462475]
P: [750.9233917812975, 0.0, 402.0058135986328, 0.0, 0.0, 750.9233917812975, 242.5069351196289, 0.0, 0.0, 0.0, 1.0, 0.0]
binning_x: 0
binning_y: 0
roi:
  x_offset: 0
  y_offset: 0
  height: 0
  width: 0
  do_rectify: False
---


