image_width: 864
image_height: 480
camera_name: color0_link
camera_matrix:
  rows: 3
  cols: 3
  data: [660.805371, 0.000000, 425.577326, 0.000000, 662.079874, 265.660604, 0.000000, 0.000000, 1.000000]
distortion_model: plumb_bob
distortion_coefficients:
  rows: 1
  cols: 5
  data: [0.057342, -0.147642, 0.007720, -0.000498, 0.000000]
rectification_matrix:
  rows: 3
  cols: 3
  data: [1.000000, 0.000000, 0.000000, 0.000000, 1.000000, 0.000000, 0.000000, 0.000000, 1.000000]
projection_matrix:
  rows: 3
  cols: 4
  data: [659.538391, 0.000000, 424.674121, 0.000000, 0.000000, 665.382935, 268.037460, 0.000000, 0.000000, 0.000000, 1.000000, 0.000000]
