image_width: 864
image_height: 480
camera_name: color0_link
camera_matrix:
  rows: 3
  cols: 3
  data: [667.992222, 0.000000, 428.070400, 0.000000, 670.288747, 254.611786, 0.000000, 0.000000, 1.000000]
distortion_model: plumb_bob
distortion_coefficients:
  rows: 1
  cols: 5
  data: [0.057168, -0.105575, 0.005278, -0.000210, 0.000000]
rectification_matrix:
  rows: 3
  cols: 3
  data: [1.000000, 0.000000, 0.000000, 0.000000, 1.000000, 0.000000, 0.000000, 0.000000, 1.000000]
projection_matrix:
  rows: 3
  cols: 4
  data: [672.294800, 0.000000, 427.771502, 0.000000, 0.000000, 675.529114, 256.500945, 0.000000, 0.000000, 0.000000, 1.000000, 0.000000]
